L1 = 0.0004100907926585  L2 = 0.0004106111116663  L_inf = 0.0005752242419557
L1 = 0.0000542424172409  L2 = 0.0000543164770671  L_inf = 0.0000988153692524
L1 = 0.0000071647376879  L2 = 0.0000072576778406  L_inf = 0.0001042168313677
L1 = 0.0000007216144403  L2 = 0.0000008310460086  L_inf = 0.0000244061116568
